362
1409
550
1317
605
434
270
311
371
320
353
1107
779
1757
609
1303
2650
684
643
1485
632
513
456
844
342
305
353
1038
1095
1050
213
2376
570
263
367
412
364
1415
218
182
640
1264
542
371
1806
825
386
1508
413
729
1070
353
825
364
936
756
959
709
354
588
326
266
469
608
792
633
1969
434
1949
1865
745
2313
1821
1475
999
981
504
284
230
264
391
1131
1099
274
971
1470
198
524
303
371
485
478
404
363
481
819
579
1208
783
2047
191
1581
215
1404
591
1327
662
1077
468
473
861
288
496
854
1266
729
444
984
478
1320
1053
766
1076
1282
1226
294
239
1171
756
1129
512
910
566
722
1197
902
236
442
496
2249
556
275
387
409
1389
747
1375
1985
762
1746
347
315
364
449
787
287
370
822
1067
536
415
914
665
384
1008
595
158
407
851
588
701
646
455
340
686
1144
313
131
664
553
461
715
514
1780
283
1128
595
1091
514
784
2296
870
856
1620
509
524
647
358
557
591
914
293
1280
231
747
502
1192
240
981
2716
1167
411
156
816
1096
273
554
330
692
744
551
1959
102
315
321
609
891
644
729
2481
427
287
379
517
470
933
544
851
474
374
286
535
567
2112
257
2209
1671
1140
215
727
321
1476
1305
658
346
503
2040
482
340
385
1149
753
876
887
458
1208
830
1361
287
123
905
610
1287
1846
433
279
511
199
2230
702
802
252
988
1646
1118
843
1532
965
269
722
1077
1326
411
350
1047
238
586
673
397
873
1771
867
870
1083
381
541
504
342
579
720
1366
1169
487
1650
599
2637
804
416
405
348
371
1005
705
789
523
488
2683
618
602
1674
388
733
145
561
1097
639
1228
339
877
292
615
151
626
545
873
2226
656
922
2174
2015
289
1203
301
745
239
459
935
416
515
791
421
577
2623
746
526
344
734
1706
1261
471
730
257
705
1179
828
1517
1067
363
1645
364
817
565
2405
1680
858
598
1966
784
1481
736
207
404
230
735
761
952
379
1201
399
217
1569
325
703
596
731
358
735
811
530
200
769
368
306
232
376
584
261
646
247
1527
566
399
2222
835
616
1067
2004
1232
353
531
1793
703
477
468
493
349
315
358
732
4069
784
1300
880
590
1067
1245
788
630
199
283
845
310
332
623
214
503
1645
1423
247
813
297
408
592
562
2172
705
511
585
933
776
126
216
907
1258
847
879
502
1175
471
623
613
394
625
1214
1786
444
361
441
1405
369
519
786
1188
1722
922
476
827
1290
249
2243
840
1391
476
307
515
864
248
1122
449
211
742
1472
777
527
988
1205
491
1274
510
711
1369
284
698
1640
2233
705
1507
726
217
185
958
721
504
500
505
1179
738
877
991
744
733
1971
1612
472
868
508
856
750
306
1302
305
505
780
1654
422
1481
739
1627
322
597
509
761
1638
1440
274
219
1317
491
1323
274
1039
377
786
315
1663
709
928
232
1487
1115
2129
596
417
474
339
682
446
433
916
663
389
243
1237
409
2642
317
1319
281
1773
1160
961
271
1602
183
1436
656
332
675
932
670
537
224
432
1099
979
677
442
3298
1181
709
660
406
1107
542
1814
917
877
856
1071
872
741
2396
219
330
795
1517
703
796
477
1499
401
801
407
440
540
625
906
1514
1214
1271
1289
334
1095
252
1255
645
1417
376
173
651
255
748
372
530
1567
374
3121
461
729
895
649
2866
1041
176
1390
381
410
1054
746
949
693
436
1079
237
1495
442
546
731
295
210
453
1560
740
802
462
400
1649
188
2971
704
1502
631
1244
1453
652
387
194
828
1213
481
2179
287
831
770
1575
369
629
2044
569
581
378
581
1324
1067
533
296
435
1187
1983
674
643
240
259
1254
1762
881
499
437
1063
803
1124
272
377
1348
357
1487
580
439
1787
473
498
853
727
1234
289
1734
936
754
832
1219
478
676
854
796
495
595
281
1338
476
1283
440
643
2767
504
1239
714
653
1199
1959
419
872
2224
1938
236
667
367
305
1156
1389
1093
144
1088
1092
1384
364
1374
946
1527
771
982
894
964
519
2051
1817
1039
461
515
1775
1034
1797
1038
807
729
231
1079
736
429
1313
735
535
719
1018
663
359
273
650
709
988
801
731
1315
1044
678
690
1680
1166
1535
426
1052
253
911
793
778
1160
1800
533
2220
1169
926
1005
563
1125
1277
212
1068
1012
258
604
495
763
1892
402
1015
1020
1288
330
255
569
769
635
528
1687
723
1792
851
515
754
2171
743
971
1695
3035
238
940
2550
1936
1606
1276
480
852
577
419
504
801
626
398
2165
1172
309
456
449
883
2297
299
847
277
400
215
1315
1245
1768
345
1658
851
1122
1069
643
386
1092
914
277
1595
431
135
1331
726
1283
873
1923
1147
388
1047
289
232
1144
1829
419
1055
751
505
879
1296
683
2353
259
464
982
439
692
1533
386
2572
2132
1427
293
827
789
694
1340
2884
793
755
1930
747
357
927
638
202
477
1094
1155
1393
599
1933
175
659
732
2299
119
366
382
901
1477
259
771
856
457
1087
1085
585
1204
981
437
456
1563
1591
564
324
455
