3276
1422
954
1091
955
672
760
388
953
530
291
1793
265
147
1291
286
625
198
662
647
853
1669
260
1770
588
447
243
726
866
2508
858
368
765
458
387
285
857
669
1012
311
1259
1376
1181
816
1149
242
1192
426
1295
671
280
386
529
1127
965
154
447
310
476
1401
600
590
1493
300
455
622
1187
181
1692
1045
940
2094
834
436
422
892
438
1482
193
561
298
209
939
1511
731
408
478
453
1589
520
1304
1445
621
2124
380
1076
299
373
367
387
687
485
356
375
1692
182
822
1386
2373
1770
638
793
352
2403
1115
283
554
1311
579
592
1120
1070
436
822
873
351
419
658
328
1361
1568
946
466
433
435
806
634
452
697
673
375
503
325
1133
856
861
440
1298
145
2246
470
564
1258
1124
671
796
1797
1474
1001
511
1109
2089
311
776
306
1102
327
797
756
827
233
491
1126
749
1386
677
224
1214
776
1300
328
2202
1938
1298
247
1208
1983
1155
310
853
1806
315
1117
2151
255
1338
830
704
885
299
845
462
906
840
576
378
538
1321
511
483
722
1923
1274
247
1152
320
1560
1245
462
570
2123
734
382
496
1010
829
618
149
1363
728
733
981
1412
537
704
544
419
571
903
1163
883
1144
2985
1467
225
338
3010
325
495
412
2270
249
1751
272
205
1519
354
1002
807
489
958
1211
647
2413
344
2870
280
270
1050
319
393
365
1137
734
1229
1278
2152
2038
347
693
1054
924
751
1004
1261
256
890
525
861
2060
738
735
707
1377
774
2198
582
407
513
1417
1179
477
876
1276
1716
2064
2212
1096
1485
1121
898
337
986
381
649
489
526
1017
688
596
1038
444
565
235
2205
856
797
323
423
803
785
766
1149
113
332
1062
468
523
590
704
499
630
224
1205
815
456
1424
1993
502
1409
348
2218
1554
1335
698
489
991
778
1040
1190
340
222
767
527
495
344
908
580
769
498
472
1448
1595
319
1229
824
1180
582
185
845
1025
568
1663
3017
547
1698
291
1124
373
595
415
401
1306
953
391
776
791
934
850
632
1247
839
514
465
386
991
559
575
186
3855
478
654
198
1082
314
129
904
454
1835
2449
1170
456
667
2095
498
687
624
1421
204
488
1163
1344
781
1777
1194
317
536
676
500
207
1460
703
1628
1288
1195
1089
781
1357
195
2780
621
557
1273
298
786
1017
427
793
165
3026
510
598
891
555
529
285
909
703
2277
977
1080
610
500
2129
922
803
274
2195
1166
359
711
873
468
2022
868
1274
260
476
981
2511
1231
874
1038
326
853
430
526
1027
526
768
