1083
295
2763
388
1210
1008
238
1711
441
1155
675
2262
1441
661
320
722
724
1844
1274
1806
1174
485
1183
996
426
3263
787
1181
973
1071
638
584
213
778
244
1534
408
662
1316
190
981
1519
605
342
805
478
823
196
363
535
1406
302
574
681
1494
1247
1207
1576
818
223
874
607
890
906
830
229
854
582
332
791
997
918
227
927
287
2042
1374
742
804
407
1406
1104
1212
1573
414
812
404
230
497
1602
646
1897
305
449
1315
1566
552
1082
1133
457
269
498
935
2072
752
1089
1107
928
785
472
601
238
588
1252
312
1659
705
912
261
546
342
463
535
283
726
957
1982
232
2284
1112
906
1027
1196
1948
386
230
1803
303
391
1935
1735
503
397
3057
546
313
1182
2538
907
1145
322
555
1446
1314
655
613
1134
999
1358
603
769
308
584
518
436
316
588
1957
358
628
531
636
298
310
240
494
464
873
776
733
453
364
776
792
1452
845
1195
292
932
530
1088
888
570
878
696
339
737
2025
658
545
595
212
1718
328
1157
263
277
480
625
1432
683
1068
834
2502
395
854
294
827
373
938
1302
271
168
734
2774
352
239
2761
1036
1204
1294
267
919
486
440
1918
438
893
697
2047
365
414
1060
742
515
597
763
2553
450
497
452
887
649
558
191
652
445
908
300
785
1305
354
670
3195
2075
1661
532
378
334
984
339
394
1010
609
1161
281
529
584
342
1938
1624
556
876
589
982
1346
495
195
254
937
571
175
790
592
2347
803
854
362
293
225
2679
752
299
432
1136
1613
235
948
1645
1057
1860
368
644
275
1710
310
292
296
155
1091
952
1445
968
705
337
1499
1138
486
423
208
570
1383
1134
497
1201
353
439
1382
1297
663
337
425
383
983
563
388
145
761
720
1399
1236
618
1108
836
1391
569
516
451
425
407
400
415
271
423
368
261
317
333
517
422
824
304
1027
1102
405
2220
250
1835
1446
405
1489
1338
619
294
561
1497
1065
1518
320
1330
658
237
597
1189
393
1832
485
401
194
345
321
1375
1127
2298
339
184
1893
284
321
1874
336
1373
365
355
728
706
369
1440
392
517
1518
559
480
1163
939
1235
390
2832
807
375
2092
750
434
469
691
2090
680
924
2475
788
394
631
525
321
274
399
557
665
1448
256
808
228
409
582
778
441
1667
803
2413
252
470
610
406
1065
775
527
2299
325
1363
1180
473
518
983
960
177
584
227
1857
452
215
130
974
299
991
807
617
2322
258
526
564
654
547
700
804
619
289
1064
1164
1248
208
592
409
540
1073
631
1485
513
507
457
703
375
601
328
490
637
1949
190
1162
689
493
1135
514
765
932
1134
531
420
1877
468
499
181
352
330
891
1317
1752
645
1011
790
306
1108
416
770
553
588
990
1321
326
430
406
367
726
244
993
1160
674
1440
388
352
529
525
718
907
1584
1057
1054
904
1643
368
302
421
480
565
203
343
310
1386
2116
456
560
243
179
640
743
284
551
1086
569
195
1576
1111
269
1349
360
839
338
657
1702
415
688
907
326
1179
720
615
773
314
610
1341
298
464
1581
512
538
350
599
235
358
674
320
869
294
442
715
1155
1113
403
438
338
577
1449
648
876
766
770
1399
687
548
502
386
261
1363
447
585
286
2139
574
578
218
553
140
720
340
791
520
1140
226
1384
1329
1351
1181
1427
1228
640
1197
342
430
792
951
663
831
410
1135
587
804
500
431
1600
535
591
664
2037
620
866
1588
481
2381
1082
1423
711
373
1173
328
594
480
1246
2253
473
626
210
1103
366
1368
259
2791
1094
309
708
348
1365
2395
429
2393
649
501
368
908
1059
946
667
997
539
457
751
327
645
277
783
2487
389
195
646
510
284
302
409
848
721
674
1212
397
756
1377
379
387
1670
250
366
488
598
1145
161
954
713
175
450
394
543
627
1203
248
139
265
520
1424
937
2268
291
479
1322
230
756
909
908
1036
1792
1174
304
829
505
380
2713
291
597
374
293
573
944
1076
2646
916
462
840
581
2076
759
1164
632
474
693
306
496
572
901
199
1151
897
2777
992
742
1334
588
699
2848
1840
1203
359
584
604
552
905
411
373
1312
2394
354
903
487
693
974
963
1212
764
292
722
304
533
557
625
521
1239
319
1141
819
1224
444
196
718
804
1215
745
558
467
306
1170
618
516
2157
600
421
575
294
1531
666
321
307
393
445
1426
492
971
276
397
1035
437
443
628
1348
1634
297
661
901
622
1205
658
1327
531
528
274
686
576
311
839
474
322
425
1219
219
494
1043
1024
267
565
678
481
763
820
1080
1063
1724
250
2534
463
831
1372
892
447
674
1351
1592
946
458
886
278
1106
710
199
557
719
1799
438
1855
460
621
198
1612
840
1447
559
972
656
1298
1165
332
512
296
1251
366
1815
499
978
789
2423
539
700
794
1576
654
333
546
1018
263
470
347
575
648
373
598
715
126
884
689
835
655
819
377
1514
376
902
1726
387
332
423
748
1113
490
2402
300
304
832
379
484
580
1406
402
629
1041
346
673
711
